0.00029015833299346266
0.10440576888118736
0.15292350172424682
0.20974200216527383
0.26534885010805387
0.3183859250669466
0.37037212773926814
0.4203273699893516
0.46670704679982394
0.5053938718698895
0.5441103667624737
0.5792982701018201
0.6118844995222861
0.641825674620228
0.6727443768182063
0.7012741988189661
0.7280711128293103
0.750524575498056
0.7753909627456402
0.7992658794536117
0.8225084986348093
0.8391567133941301
0.8522460174482627
0.8680135788703031
0.8882072698810299
0.9095903362898008
0.9345906462101384
0.9573567091838706
0.9831373625435692
1.0037578312941806
1.0243689478812583
1.0457912901753958
1.0689780208295874
1.0897655474585848
1.1127274651637267
1.1372337719377277
1.1671778563376387
1.1978794599692908
1.2307814069265541
1.2641162987909456
1.2974202518573577
1.3271759855288467
1.359068581663329
1.3858535627156647
1.4155167476888486
1.4389279342022958
1.4580771095681713
1.4737466164940591
1.4880942378238942
1.4982796089309092
1.5073271331979887
1.5143658923827097
1.5234576734303906
1.5324986311861064
1.5370594420748824
1.545009937496084
1.5516495724272044
1.5560469638430754
1.5577094070333157
1.5646661561587893
1.566505530162159
1.570708133000526
1.5724204240940522
1.5757925128803558
1.5786479274091751
1.5778285543194206
1.5824108551724874
1.5786953599084923
1.5748395449879713
1.5676405312655957
