0.0
0.0
0.01638724097176419
0.03313168171604532
0.055825248170817285
0.08386931798935769
0.11743083070471741
0.1556552012194474
0.19925904412765472
0.24734422707366083
0.29784888506310264
0.35234511963887516
0.41013958497890285
0.4704037494535944
0.5327343967682208
0.5979553704081937
0.6639568886607022
0.7322498150676903
0.8017016407824881
0.8737826651023315
0.946640276187317
1.0205992928993566
1.0947438817671769
1.1699626062400457
1.2444832009713913
1.320807202685792
1.39824357826763
1.4778384412151866
1.5580158321831439
1.6395049430646231
1.721494445242273
1.8048401360416018
1.890002755729913
1.977374943369787
2.065355573704764
2.1530301563532888
2.243546857099267
2.3350644173840966
2.4295172917337573
2.525625871277586
2.6247007567530436
2.724735155325498
2.8267383110515674
2.931196445850511
3.03846539871144
3.1473519789128557
3.2580513731370173
3.370530250074411
3.4851092611997108
3.600659488204904
3.716945416490087
3.8345248103035314
3.9528029348383495
4.071265415486117
4.190931330464228
4.311409463562931
4.432647734424652
4.556715648359024
4.681239307953966
4.805717796715353
4.932371746094029
5.059367065569235
5.187177771116648
5.315698831056928
5.444604860165091
5.57411385894655
5.7033716270874955
5.8336976195777135
5.963782767324221
6.093620921709849
