0.0
0.00020412414523193133
0.04964553521382025
0.06883925267122917
0.09169268759466773
0.11601000765020232
0.13957349467813246
0.16181001269492978
0.18142344861768372
0.19967445119076535
0.21649973296750274
0.23237082657181102
0.24496279692026707
0.2564653911836839
0.2675733894653951
0.2769782200372441
0.2853459413589056
0.2949229878290263
0.3053282130893464
0.31663068655243554
0.328243694405036
0.340546542952159
0.35699077369030147
0.37383918946966127
0.39350523344677385
0.41337177702604067
0.4351566432523657
0.4591360625765889
0.48268354453685974
0.5068866264593428
0.5331807727763008
0.5581711029857541
0.5859268565699989
0.6120959866516035
0.6369192779832203
0.665176869492869
0.6936247597164238
0.7231070625836352
0.7531883680118363
0.7831405332324887
0.8140380212250531
0.845813037728591
0.8756053626158686
0.9040669983469145
0.9324218566453706
0.9588517177680117
0.9819553118014077
1.0021966254391732
1.021076671337662
1.0355582768688911
1.0486578207403976
1.0600458981808287
1.0682913362780149
1.07592063291552
1.0802933344891408
1.0825172092550461
1.0815602006861815
1.0778525472167642
1.0703554564372528
1.061306881082627
1.0514354761071487
1.0406443016227973
1.025910654410672
1.0081019273036498
0.9891534638265186
0.9694007110280385
0.9519533454298061
0.9331739610955004
0.9192137831683479
0.9043771855536825
